Hydrogen 	H2 	14.32 	10.16 	3.42 	2.43 	1.405 	4.12 	765.9
Helium 	He 	5.19 	3.12 	1.25 	0.75 	1.667 	2.08 	386.3
Nitrogen_tetroxide 	N2O4 	4.69 	4.6 	1.12 	1.1 	1.02 	0.09 	
Natural_Gas  MIX	2.34 	1.85 	0.56 	0.44 	1.27 	0.5 	79.1
Steam H2O 	2.26 	1.76 	0.54 	0.42 	1.28 	0.5 	
Methane 	CH4 	2.22 	1.70 	0.59 	0.45 	1.304 	0.518 	96.4
Ammonia 	NH3 	2.19 	1.66 	0.52 	0.4 	1.31 	0.53 	96.5
Diethyl_ether 	(C2H5)2O 	2.01 	1.95 	0.48 	0.47 	1.03 	0.06 	
Methanol 	CH3OH 	1.93 	1.53 	0.46 	0.37 	1.26 	0.39 	
Water_Vapor H2O 	1.93 	1.46 	0.46 	0.35 	1.32 	0.462 	
Ethanol 	C2H5OH 	1.88 	1.67 	0.45 	0.4 	1.13 	0.22 	
Hydroxyl 	OH 	1.76 	1.27 	1   1  	  	1.384 	0.489 	 
Ethane 	C2H6 	1.75 	1.48 	0.39 	0.32 	1.187 	0.276 	51.5
Acetylene 	C2H2 	1.69 	1.37 	0.35 	0.27 	1.232 	0.319 	59.34
Butane 	C4H10 	1.67 	1.53 	0.395 	0.356 	1.094 	0.143 	26.5
Propane 	C3H8 	1.67 	1.48 	0.39 	0.34 	1.13 	0.189 	35.0
Ethylene 	C2H4 	1.53 	1.23 	0.4 	0.33 	1.240 	0.296 	55.08
Propene 	C3H6 	1.5 	1.31 	0.36 	0.31 	1.15 	0.18 	36.8
Acetone 	(CH3)2CO 	1.47 	1.32 	0.35 	0.32 	1.11 	0.15 	
Benzene 	C6H6 	1.09 	0.99 	0.26 	0.24 	1.12 	0.1 	
Nitrogen 	N2 	1.04 	0.743 	0.25 	0.18 	1.400 	0.297 	54.99
Blast_furnace gas 		1.03 	0.73 	0.25 	0.17 	1.41 	0.3 	55.05
Neon 	Ne 	1.03 	0.618 	1   1  	  	1.667 	0.412 	 
Carbon_monoxide 	CO 	1.02 	0.72 	0.24 	0.17 	1.40 	0.297 	55.14
Air 	78N2_21O2_1Ar	1.01 	0.718 	0.24 	0.17 	1.40 	0.287 	53.34
Nitric_Oxide 	NO 	0.995 	0.718 	0.23 	0.17 	1.386 	0.277 	
Oxygen 	O2 	0.919 	0.659 	0.22 	0.16 	1.395 	0.260 	48.24
Nitrous_oxide 	N2O 	0.88 	0.69 	0.21 	0.17 	1.27 	0.18 	35.1
Carbon_dioxide 	CO2 	0.844 	0.655 	0.21 	0.16 	1.289 	0.189 	38.86
Hydrogen_Chloride 	HCl 	0.8 	0.57 	0.191 	0.135 	1.41 	0.23 	42.4
Carbon_disulphide 	CS2 	0.67 	0.55 	0.16 	0.13 	1.21 	0.12 	
Sulfur_dioxide 	SO2 	0.64 	0.51 	0.15 	0.12 	1.29 	0.13 	24.1
Chloroform 	CHCl3 	0.63 	0.55 	0.15 	0.13 	1.15 	0.08 	
Argon 	Ar 	0.520 	0.312 	0.12 	0.07 	1.667 	0.208 	
Chlorine 	Cl2 	0.48 	0.36 	0.12 	0.09 	1.34 	0.12 	
Bromine 	Br2 	0.25 	0.2 	0.06 	0.05 	1.28 	0.05 	
Krypton 	Kr 	0.25 	0.151 					
Xenon 	Xe 	0.16 	0.097 					 	  	 